Latitude,Longitude,City,Country,Max Temp (F),Humidity,Cloudiness,Wind Speed (mph),Date (Unix Timestamp)
-55.3349794814205,-20.318058010150253,arraial do cabo,br,100.0,90.0,100.0,7.38,1643703813.0
22.601687558209562,-42.5783738622913,ponta do sol,cv,96.0,81.0,96.0,9.31,1643703834.0
-10.771279239712285,120.56804734719162,waingapu,id,90.0,63.0,90.0,18.1,1643703800.0
52.14990365219222,77.01834890967626,aksu,kz,75.0,92.0,75.0,7.23,1643704329.0
51.17562126950344,-51.84470191562326,bonavista,ca,4.0,58.0,4.0,19.71,1643703841.0
-40.660738443841865,-171.10628324673343,vaini,to,40.0,83.0,40.0,6.91,1643703802.0
-39.9599698190995,70.35801933282124,mahebourg,mu,75.0,78.0,75.0,18.41,1643704330.0
55.138864133838496,-27.942489162632455,grindavik,is,75.0,74.0,75.0,14.97,1643704331.0
83.42322301675063,129.86414899466854,tiksi,ru,100.0,100.0,100.0,3.02,1643703797.0
68.54380688831915,27.601552918117108,kemijarvi,fi,94.0,100.0,94.0,3.62,1643704331.0
0.680117719746022,137.77224251570186,biak,id,95.0,62.0,95.0,4.83,1643704333.0
33.70679126615667,-14.609643970504862,camacha,pt,0.0,72.0,0.0,23.02,1643704078.0
38.99906688390493,-173.75106562090502,kapaa,us,0.0,78.0,0.0,5.75,1643703797.0
11.576509677878107,-64.2605061741817,la asuncion,ve,34.0,94.0,34.0,9.22,1643703799.0
1.058052920713564,33.82098116204179,pallisa,ug,92.0,31.0,92.0,4.27,1643704335.0
-87.50791062408652,40.22893023270166,port alfred,za,97.0,74.0,97.0,0.92,1643703838.0
49.88161851183969,4.986328713939855,bievre,be,100.0,98.0,100.0,8.77,1643704336.0
69.7580555051371,-127.74291853918626,norman wells,ca,75.0,71.0,75.0,11.5,1643703968.0
-23.95563691385162,136.52793824628094,alice springs,au,75.0,74.0,75.0,8.05,1643704208.0
-76.35599526262125,-45.23134141468009,ushuaia,ar,100.0,87.0,100.0,19.57,1643703794.0
-23.242854913642617,119.15578430848228,port hedland,au,75.0,70.0,75.0,23.02,1643704338.0
78.89835845883641,-147.42352696553348,barrow,us,100.0,77.0,100.0,4.61,1643703795.0
27.899443924010512,-156.89483804124413,kapaa,us,0.0,78.0,0.0,5.75,1643703797.0
-18.106333431566085,2.628798396694833,jamestown,sh,100.0,63.0,100.0,9.35,1643703851.0
-32.652661887434306,-126.22474761764269,rikitea,pf,59.0,68.0,59.0,8.37,1643703787.0
12.825856125318523,25.581844347571973,umm kaddadah,sd,5.0,16.0,5.0,17.6,1643704341.0
67.31205751058187,-158.43073555386312,barrow,us,100.0,77.0,100.0,4.61,1643703795.0
-11.052610274882028,-118.89066840210494,rikitea,pf,59.0,68.0,59.0,8.37,1643703787.0
55.188723216508805,-155.0807620114392,kodiak,us,100.0,93.0,100.0,11.5,1643703956.0
-63.97820476286381,147.07410484308605,hobart,au,40.0,55.0,40.0,5.99,1643704207.0
37.47123577241871,-18.484968249510786,camacha,pt,0.0,72.0,0.0,23.02,1643704078.0
37.52921678231263,-141.5949425939262,fortuna,us,20.0,83.0,20.0,1.01,1643703839.0
-9.972523271844025,-32.276496078802495,sao jose da coroa grande,br,79.0,81.0,79.0,6.02,1643703826.0
74.58618857401754,82.80564279206243,dikson,ru,100.0,90.0,100.0,20.2,1643703853.0
-79.17453067684681,-117.87536224689845,punta arenas,cl,40.0,76.0,40.0,41.43,1643703801.0
-56.64403782969973,-41.209618131720475,mar del plata,ar,0.0,77.0,0.0,1.99,1643703957.0
-81.42869453692576,-83.61258935617096,ushuaia,ar,100.0,87.0,100.0,19.57,1643703794.0
32.15345078840177,-68.73226464106858,hamilton,bm,20.0,76.0,20.0,4.61,1643704347.0
17.62708516813524,-115.993688132114,cabo san lucas,mx,0.0,63.0,0.0,9.13,1643703787.0
6.529139502773845,-5.7963895421307825,sinfra,ci,30.0,44.0,30.0,1.05,1643704069.0
-82.15834465224057,47.32790770882289,port alfred,za,97.0,74.0,97.0,0.92,1643703838.0
11.61938749147501,-158.50125009937932,hilo,us,75.0,82.0,75.0,8.05,1643703822.0
-30.330011342614384,-108.92369609351437,rikitea,pf,59.0,68.0,59.0,8.37,1643703787.0
1.0369967933839206,-79.20575488131757,valdez,ec,67.0,88.0,67.0,6.49,1643704349.0
-69.74712851903291,75.52323952828306,saint-philippe,re,54.0,71.0,54.0,13.78,1643703854.0
19.902060825545703,-61.79810023706672,the valley,ai,2.0,75.0,2.0,7.61,1643704349.0
12.435980392146178,-26.468850150622103,sao filipe,cv,100.0,78.0,100.0,11.16,1643703984.0
-88.7757047798095,74.42106774620754,busselton,au,0.0,30.0,0.0,7.14,1643703824.0
21.75694929357776,-122.57314153484492,guerrero negro,mx,18.0,78.0,18.0,12.48,1643703924.0
53.084868083323045,47.188124928133874,nikolayevka,ru,100.0,89.0,100.0,14.56,1643704351.0
89.56674538009344,153.94597397144577,chokurdakh,ru,100.0,97.0,100.0,2.82,1643703827.0
83.54311894966884,-51.12734523360436,upernavik,gl,100.0,97.0,100.0,3.91,1643703812.0
53.34550848778679,115.70717427450398,verkh-usugli,ru,39.0,94.0,39.0,2.98,1643704353.0
23.1099236603699,78.13395000051656,sultanpur,in,0.0,36.0,0.0,11.45,1643704354.0
-3.465022983607909,86.57052857411975,hambantota,lk,20.0,55.0,20.0,8.05,1643703922.0
-54.58279266147242,170.53086014064786,bluff,nz,100.0,95.0,100.0,8.12,1643703819.0
-20.800541182297323,-91.17622523920117,pisco,pe,100.0,78.0,100.0,6.91,1643704355.0
-8.251638104784504,-90.54518426439188,san cristobal,ec,99.0,89.0,99.0,4.41,1643704356.0
87.74285821547377,-163.74899413593062,barrow,us,100.0,77.0,100.0,4.61,1643703795.0
-67.5663712118597,74.67164729881478,saint-philippe,re,54.0,71.0,54.0,13.78,1643703854.0
-68.39205747534905,121.32914417175658,albany,au,100.0,52.0,100.0,20.71,1643703796.0
43.67267316194577,157.2230436638236,severo-kurilsk,ru,97.0,75.0,97.0,4.76,1643704357.0
-4.634511288013428,4.961785686178018,omboue,ga,50.0,66.0,50.0,4.29,1643704358.0
-70.6100460879102,-85.06404788448984,punta arenas,cl,40.0,76.0,40.0,41.43,1643703801.0
72.89370026543824,108.38353479914082,saskylakh,ru,78.0,100.0,78.0,1.99,1643703862.0
-14.567609657712538,-128.4481977319548,rikitea,pf,59.0,68.0,59.0,8.37,1643703787.0
6.989150918222478,110.84534859602343,miri,my,40.0,84.0,40.0,8.05,1643704071.0
-88.87625849772958,137.50892243679618,hobart,au,40.0,55.0,40.0,5.99,1643704207.0
-35.583851255575496,0.4711792747304173,luderitz,na,100.0,87.0,100.0,7.92,1643703843.0
-10.922335836214558,150.04495065332304,samarai,pg,100.0,75.0,100.0,15.43,1643703879.0
20.798968468902117,-31.119054483979767,ponta do sol,cv,96.0,81.0,96.0,9.31,1643703834.0
76.19385164388373,-107.66513498997048,yellowknife,ca,0.0,86.0,0.0,9.22,1643703828.0
37.785559279800964,-35.64868333896774,ribeira grande,pt,40.0,72.0,40.0,8.05,1643703831.0
-62.88009740582317,41.737570756100325,port alfred,za,97.0,74.0,97.0,0.92,1643703838.0
45.037477053745704,-22.130585790927512,praia da vitoria,pt,40.0,88.0,40.0,15.59,1643704364.0
60.41226563047036,34.1104525427493,podporozhye,ru,97.0,96.0,97.0,5.86,1643704365.0
24.704364180127214,163.46984388455581,butaritari,ki,98.0,76.0,98.0,14.0,1643703881.0
-62.38432778391453,146.2484639579177,hobart,au,40.0,55.0,40.0,5.99,1643704207.0
12.882140359741413,-129.99978349127477,guerrero negro,mx,18.0,78.0,18.0,12.48,1643703924.0
82.20860623940038,41.233198733996886,ostrovnoy,ru,100.0,96.0,100.0,3.29,1643703994.0
-3.054988689687093,15.554757814228651,djambala,cg,67.0,57.0,67.0,5.66,1643704368.0
0.9632809722416198,101.80766772794777,balaipungut,id,98.0,58.0,98.0,2.3,1643704368.0
7.174952919318159,116.55931728647113,kudat,my,20.0,74.0,20.0,5.75,1643704369.0
58.275574138612654,164.1809219659226,ossora,ru,100.0,94.0,100.0,8.34,1643704369.0
-79.66206950591636,40.19414908825266,port alfred,za,97.0,74.0,97.0,0.92,1643703838.0
31.16533549649334,-75.28046230259524,havelock,us,12.0,92.0,12.0,1.01,1643704370.0
48.848109736684506,118.47768580432404,oktyabrskiy,ru,100.0,92.0,100.0,17.45,1643704371.0
38.16888051794629,-44.257901364989664,torbay,ca,75.0,72.0,75.0,16.11,1643703795.0
54.232960254260576,39.91290636029481,starozhilovo,ru,100.0,94.0,100.0,12.71,1643704371.0
10.95470994536835,43.827781976251345,jibuti,dj,55.0,42.0,55.0,10.83,1643704372.0
-63.36460111936751,-108.24334579210868,punta arenas,cl,40.0,76.0,40.0,41.43,1643703801.0
-84.63389290308979,-19.732742850210826,ushuaia,ar,100.0,87.0,100.0,19.57,1643703794.0
17.494722165083687,153.8410113002172,kavieng,pg,100.0,89.0,100.0,8.05,1643703863.0
82.09658286522611,-150.57016211697456,barrow,us,100.0,77.0,100.0,4.61,1643703795.0
-31.04695798901215,26.729988874166906,aliwal north,za,97.0,54.0,97.0,11.27,1643704375.0
-54.95501708216633,-136.44094661008347,rikitea,pf,59.0,68.0,59.0,8.37,1643703787.0
76.59286536784887,180.05430535736224,leningradskiy,ru,47.0,96.0,47.0,10.98,1643703816.0
69.1115182341563,70.7910835280239,yar-sale,ru,30.0,99.0,30.0,6.2,1643704210.0
-44.27654833657803,-45.02937628055804,rocha,uy,0.0,77.0,0.0,3.42,1643704377.0
-56.95143958396412,153.9608880947498,hobart,au,40.0,55.0,40.0,5.99,1643704207.0
73.22508529814957,-91.60595812004271,thompson,ca,100.0,71.0,100.0,14.97,1643703820.0
37.881597534095334,59.70857762216821,kaka,tm,100.0,22.0,100.0,5.84,1643704379.0
41.525181542747475,-6.279308863137487,mogadouro,pt,5.0,77.0,5.0,4.81,1643704379.0
72.9158984625571,-167.3853752308954,lavrentiya,ru,13.0,76.0,13.0,14.97,1643703927.0
51.02864793924769,-139.96673824132927,sitka,us,100.0,86.0,100.0,3.44,1643704014.0
-37.30633067348465,142.04851082422715,hamilton,au,61.0,64.0,61.0,17.16,1643704260.0
-62.59745714225478,150.3731165990929,hobart,au,40.0,55.0,40.0,5.99,1643704207.0
-29.333386693952285,-69.02799678474953,vicuna,cl,100.0,73.0,100.0,0.83,1643704382.0
29.01687166556532,-72.27051362882698,marsh harbour,bs,2.0,56.0,2.0,12.68,1643704382.0
-80.04384243147352,34.84471786146645,port elizabeth,za,20.0,65.0,20.0,6.91,1643703768.0
-31.501738680267067,175.35721320635287,kaeo,nz,100.0,89.0,100.0,12.95,1643704383.0
16.87720660780049,42.23963474932475,jizan,sa,32.0,46.0,32.0,5.95,1643704384.0
64.55564064974115,-124.1474057283425,norman wells,ca,75.0,71.0,75.0,11.5,1643703968.0
-38.04170107499837,120.16047695153713,albany,au,100.0,52.0,100.0,20.71,1643703796.0
-58.67483194652262,114.46664257194556,albany,au,100.0,52.0,100.0,20.71,1643703796.0
-57.51088562604008,-174.0655000202246,vaini,to,40.0,83.0,40.0,6.91,1643703802.0
-32.52402503207755,131.87877096296097,flinders,au,100.0,69.0,100.0,4.0,1643704386.0
-88.30790801545574,126.98233069305121,new norfolk,au,31.0,50.0,31.0,4.0,1643703808.0
86.88069899698826,-61.31935801162102,narsaq,gl,85.0,97.0,85.0,3.31,1643704388.0
10.79793692376711,16.88193776848803,bousso,td,8.0,12.0,8.0,6.82,1643704389.0
-74.65593434565159,-94.10540429666308,punta arenas,cl,40.0,76.0,40.0,41.43,1643703801.0
-29.726553703032884,134.71426151758453,flinders,au,100.0,69.0,100.0,4.0,1643704386.0
41.84559042291065,-116.19911904404263,elko,us,22.0,62.0,22.0,1.99,1643704390.0
-64.21919742513109,-46.20045195615941,ushuaia,ar,100.0,87.0,100.0,19.57,1643703794.0
9.996878049055738,94.21001488929812,port blair,in,40.0,61.0,40.0,8.05,1643703939.0
-40.579169997252905,-69.46760884763499,san carlos de bariloche,ar,0.0,67.0,0.0,29.93,1643704391.0
30.86943001225181,-100.83588583484683,san angelo,us,0.0,91.0,0.0,5.99,1643704392.0
-43.726755155420726,134.981043532319,mount gambier,au,98.0,53.0,98.0,12.73,1643703646.0
-70.39561955292609,53.87923220699349,east london,za,20.0,74.0,20.0,3.44,1643703729.0
50.48871089447269,-9.245936943132733,skibbereen,ie,26.0,91.0,26.0,13.85,1643704289.0
51.62851666063656,-95.45729407157737,lac du bonnet,ca,100.0,98.0,100.0,6.62,1643703798.0
47.85030848965644,121.00967451468415,yakeshi,cn,96.0,100.0,96.0,3.89,1643704394.0
75.5069635017476,-144.4356068454985,fairbanks,us,0.0,76.0,0.0,0.0,1643704394.0
29.210723531578495,-105.9853034814463,chihuahua,mx,43.0,34.0,43.0,6.6,1643704395.0
12.874532264700775,-95.2622628669372,pochutla,mx,0.0,87.0,0.0,5.01,1643704224.0
-53.48221966601093,35.50753187606108,port alfred,za,97.0,74.0,97.0,0.92,1643703838.0
36.39164397486877,46.8767822923312,takab,ir,86.0,68.0,86.0,5.26,1643704396.0
82.3473691766014,174.73702602452886,komsomolskiy,ru,35.0,63.0,35.0,5.28,1643704396.0
71.08335497270292,-116.34968364935128,yellowknife,ca,0.0,86.0,0.0,9.22,1643703828.0
89.83569267823444,108.79184607747555,saskylakh,ru,78.0,100.0,78.0,1.99,1643703862.0
58.185335346910506,-123.94969355659497,fort nelson,ca,0.0,83.0,0.0,2.3,1643704397.0
8.6671120785293,-49.68190308044015,cayenne,gf,75.0,83.0,75.0,3.0,1643704293.0
71.19085101512317,-133.01282920446275,tuktoyaktuk,ca,99.0,100.0,99.0,3.44,1643704399.0
86.16092719247908,-81.50238276011741,qaanaaq,gl,85.0,68.0,85.0,9.93,1643703811.0
17.40745065198351,112.09155037475307,wanning,cn,56.0,86.0,56.0,8.72,1643704400.0
-23.740515912594773,168.60219745921262,vao,nc,100.0,84.0,100.0,15.39,1643704400.0
67.72760916381435,30.616161545314185,kovdor,ru,92.0,100.0,92.0,1.12,1643704401.0
-50.97023459910036,-33.641103414717776,chuy,uy,0.0,72.0,0.0,4.09,1643703914.0
43.02507912975756,144.65603181357454,kushiro,jp,20.0,54.0,20.0,9.22,1643704402.0
55.09007032899959,-114.60980414521109,slave lake,ca,20.0,77.0,20.0,13.8,1643704402.0
51.675142147543085,-161.70976399947222,bethel,us,0.0,74.0,0.0,0.0,1643703860.0
36.945323641841426,-71.23837553504481,brigantine,us,75.0,79.0,75.0,3.44,1643704403.0
22.722562175179036,-111.34362859605986,todos santos,mx,0.0,80.0,0.0,5.79,1643704404.0
62.13732372144645,-133.96423286374102,whitehorse,ca,0.0,70.0,0.0,0.0,1643704405.0
38.88955463680017,-139.25583470202844,fortuna,us,20.0,83.0,20.0,1.01,1643703839.0
-9.652474363730704,83.67961698039323,hithadhoo,mv,40.0,69.0,40.0,9.89,1643704405.0
-84.38269013486679,-93.58561314593682,punta arenas,cl,40.0,76.0,40.0,41.43,1643704406.0
-24.253603404958753,145.46681369461885,emerald,au,100.0,28.0,100.0,9.22,1643704406.0
42.26064424527132,-61.40647135902368,halifax,ca,26.0,86.0,26.0,4.61,1643703913.0
-3.9224502718608676,135.5294229258256,nabire,id,99.0,80.0,99.0,2.59,1643704318.0
-27.660528407917518,-94.61284508951435,pisco,pe,100.0,78.0,100.0,6.91,1643704355.0
25.999358734279397,-43.37788735342707,ribeira grande,pt,40.0,72.0,40.0,8.05,1643703831.0
-67.1568367877937,15.766891434846258,bredasdorp,za,0.0,48.0,0.0,1.14,1643703844.0
-58.964787765470795,6.201627601482954,hermanus,za,2.0,69.0,2.0,6.6,1643703814.0
43.41265535762241,-30.617435337251408,lagoa,pt,56.0,79.0,56.0,19.55,1643704409.0
-67.00767976339517,-39.61915274198603,ushuaia,ar,100.0,87.0,100.0,19.57,1643704409.0
-23.09337263466054,-57.140574729497644,horqueta,py,17.0,73.0,17.0,4.65,1643704410.0
19.384454875320785,-34.79329849541659,ponta do sol,cv,96.0,81.0,96.0,9.31,1643703834.0
-71.33809656712785,-14.983327285659442,cape town,za,0.0,46.0,0.0,9.22,1643703848.0
55.22972700303504,-41.740228170306864,nanortalik,gl,99.0,77.0,99.0,7.9,1643704411.0
69.5030365873458,26.734802943429912,karasjok,no,85.0,90.0,85.0,4.5,1643704412.0
23.610427784979507,-25.477395009840194,ponta do sol,cv,96.0,81.0,96.0,9.31,1643703834.0
78.41806254588249,-86.72556611263884,qaanaaq,gl,90.0,75.0,90.0,9.86,1643704413.0
39.71869737601946,-117.44653343383854,winnemucca,us,0.0,54.0,0.0,10.36,1643704414.0
-82.56477944826273,29.362969761555746,kruisfontein,za,100.0,40.0,100.0,9.78,1643704415.0
-10.453798694687052,82.58327691440752,hithadhoo,mv,40.0,69.0,40.0,9.89,1643704405.0
-38.94536925598811,83.67524306162471,bambous virieux,mu,75.0,78.0,75.0,18.41,1643703995.0
-29.365729630561162,-34.15751042181381,arraial do cabo,br,100.0,90.0,100.0,7.05,1643704416.0
-74.88161172496355,-137.42818297429997,rikitea,pf,66.0,69.0,66.0,7.9,1643704416.0
47.71369561738686,95.65766176158093,erzin,ru,97.0,95.0,97.0,3.0,1643704417.0
2.178312936675667,12.651654295624184,sangmelima,cm,96.0,50.0,96.0,2.77,1643704417.0
29.649582587129842,80.65458401229216,dharchula,in,63.0,43.0,63.0,6.85,1643704417.0
24.086914089654954,35.74527294211467,umm lajj,sa,0.0,39.0,0.0,14.58,1643703901.0
-22.862244230187528,-27.345384834347897,caravelas,br,97.0,92.0,97.0,6.98,1643704372.0
-9.140032536717115,156.98847764531303,gizo,sb,75.0,73.0,75.0,5.03,1643704419.0
-3.0496800495734107,17.769820858074524,nioki,cd,87.0,45.0,87.0,2.8,1643704420.0
87.98156678331239,83.61468043523257,dikson,ru,100.0,90.0,100.0,20.2,1643703853.0
-22.410308969009733,-169.89767309162178,alofi,nu,100.0,94.0,100.0,1.14,1643704420.0
-87.75433630728384,131.75645086803428,hobart,au,40.0,55.0,40.0,5.99,1643704207.0
76.86450414162422,180.50570412900157,leningradskiy,ru,48.0,96.0,48.0,11.1,1643704213.0
68.06296873230164,-62.563153556638795,pangnirtung,ca,99.0,95.0,99.0,4.85,1643704422.0
-26.333825292646438,126.94416124325221,yulara,au,75.0,94.0,75.0,13.8,1643704422.0
24.05409336291487,40.7486551053228,mecca,sa,0.0,33.0,0.0,8.86,1643703601.0
-25.23332035915392,-20.75817821549967,jamestown,sh,100.0,63.0,100.0,9.35,1643703851.0
-51.47959128562784,10.320855981967014,hermanus,za,2.0,68.0,2.0,5.28,1643704423.0
-49.57922061479996,101.51524076151065,busselton,au,0.0,30.0,0.0,7.14,1643703824.0
-14.058953696720181,-89.26258017815857,chicama,pe,88.0,80.0,88.0,3.47,1643704424.0
-76.80324998486992,-12.895872056522421,cape town,za,0.0,46.0,0.0,9.22,1643703848.0
78.71032196243803,-47.201712068655354,ilulissat,gl,100.0,72.0,100.0,13.8,1643704426.0
-21.87084711565838,-130.1881336318994,rikitea,pf,66.0,69.0,66.0,7.9,1643704416.0
-36.25616169563445,-34.58578941491794,arraial do cabo,br,100.0,90.0,100.0,7.05,1643704416.0
-22.678079438558825,156.19825034283133,hervey bay,au,30.0,81.0,30.0,12.75,1643704428.0
59.813583943457786,63.01176549988264,gari,ru,94.0,92.0,94.0,4.97,1643704428.0
-12.65801494079318,25.28864695465998,kalengwa,zm,100.0,90.0,100.0,3.78,1643704429.0
-82.4042907337947,179.42392004532587,kaitangata,nz,100.0,96.0,100.0,2.46,1643704216.0
-64.33648364753961,43.46052310099088,port alfred,za,97.0,74.0,97.0,0.92,1643703838.0
18.28093050403517,101.38727068322214,nan,th,20.0,33.0,20.0,18.41,1643704431.0
-70.73064551585318,156.21324736075246,bluff,nz,100.0,97.0,100.0,5.79,1643704431.0
-36.21422350244846,-56.67569967271773,dolores,ar,1.0,82.0,1.0,8.66,1643704431.0
-79.43104982590397,112.87901101012943,albany,au,100.0,52.0,100.0,20.71,1643704432.0
22.45979970549645,135.04823859619734,naze,jp,98.0,62.0,98.0,10.16,1643704342.0
-85.89483382141422,60.42174924915335,east london,za,20.0,74.0,20.0,3.44,1643703729.0
64.76489818982986,32.551943891915926,muyezerskiy,ru,100.0,94.0,100.0,7.85,1643704433.0
-34.55296628120469,142.50016596806188,mildura,au,40.0,24.0,40.0,12.66,1643704137.0
47.33980350045664,-18.06116922965637,dingle,ie,100.0,94.0,100.0,12.19,1643704434.0
11.952794935315765,-91.77752784524392,san jose,gt,34.0,99.0,34.0,3.58,1643704435.0
-83.09228302566468,113.91644012329289,albany,au,100.0,52.0,100.0,20.71,1643704432.0
12.35852705483066,71.67093288884686,kavaratti,in,4.0,68.0,4.0,7.05,1643704435.0
29.256101445325754,-32.13276068321724,ribeira grande,pt,40.0,72.0,40.0,8.05,1643704145.0
-56.82879075992531,-177.93685458027824,vaini,to,40.0,83.0,40.0,6.91,1643704436.0
54.33144676449609,164.39918542541898,nikolskoye,ru,99.0,96.0,99.0,3.96,1643703928.0
10.573262585402375,-177.6367941478317,kapaa,us,0.0,78.0,0.0,5.75,1643704438.0
23.937969576651568,-0.04385117532495997,tessalit,ml,0.0,10.0,0.0,7.52,1643703945.0
-46.490760708375625,-71.64677050431742,coihaique,cl,100.0,72.0,100.0,4.61,1643704440.0
52.61492962429668,-13.305543883084766,dingle,ie,100.0,94.0,100.0,12.19,1643704434.0
65.0224197277823,-1.0884790025996267,brae,gb,82.0,77.0,82.0,37.27,1643703947.0
41.73107882335006,31.422949875640796,eregli,tr,100.0,93.0,100.0,3.0,1643704441.0
35.314470958288965,133.93931383293022,kurayoshi,jp,96.0,72.0,96.0,18.25,1643704441.0
-4.504480028296555,120.43393226399024,bone,id,14.0,68.0,14.0,5.75,1643704441.0
65.09400249014465,101.06126032966353,tura,ru,100.0,98.0,100.0,2.37,1643704224.0
30.31854343667939,17.98435187504009,surt,ly,85.0,41.0,85.0,21.92,1643704442.0
-29.658954448166263,41.45615629864241,beloha,mg,20.0,25.0,20.0,9.53,1643704443.0
3.7843353653927068,85.07137149440399,hambantota,lk,20.0,55.0,20.0,8.05,1643703922.0
-84.3800226974986,99.85085863258473,albany,au,100.0,52.0,100.0,20.71,1643704432.0
14.408011607094878,176.14296368063447,butaritari,ki,98.0,76.0,98.0,14.0,1643703881.0
63.89556590814382,104.9032539801571,yerbogachen,ru,77.0,97.0,77.0,2.89,1643704008.0
82.21948459642977,41.77528938155052,ostrovnoy,ru,100.0,96.0,100.0,3.29,1643703994.0
33.61916227659627,-122.85928132962147,lompoc,us,0.0,87.0,0.0,0.0,1643704446.0
-76.21457877651893,-8.024540568921111,cape town,za,0.0,46.0,0.0,9.22,1643703848.0
-15.77589235817986,-77.60264838597078,santiago,pe,82.0,79.0,82.0,2.19,1643704446.0
-82.41584682231566,-124.47377224397682,rikitea,pf,66.0,69.0,66.0,7.9,1643704416.0
-58.47218348485637,100.57657145003088,busselton,au,0.0,30.0,0.0,10.4,1643704220.0
12.337763007220389,-158.71430884475515,hilo,us,100.0,74.0,100.0,4.61,1643704448.0
12.556496507944757,59.79008503087971,salalah,om,0.0,50.0,0.0,5.75,1643704449.0
67.26563064607521,-18.847112861711025,dalvik,is,62.0,82.0,62.0,6.98,1643704450.0
40.38285187550247,-69.23420862028334,nantucket,us,75.0,71.0,75.0,9.22,1643703957.0
-39.75168531975965,-74.03681025448603,valdivia,cl,25.0,93.0,25.0,1.99,1643704451.0
-43.54355677515068,-83.32637841399038,castro,cl,100.0,97.0,100.0,4.61,1643704451.0
36.64629057791534,-166.74205779795457,kapaa,us,0.0,78.0,0.0,5.75,1643704438.0
73.18397022105805,110.25828763093062,saskylakh,ru,78.0,100.0,78.0,1.99,1643703862.0
88.04831084700564,-59.49835981665109,narsaq,gl,85.0,97.0,85.0,3.31,1643704388.0
26.00521904915034,141.9710931288783,shimoda,jp,26.0,59.0,26.0,22.48,1643704453.0
-30.26866267512682,112.53751730111685,geraldton,au,3.0,37.0,3.0,25.32,1643703676.0
19.808214137477975,168.04053592303626,butaritari,ki,98.0,76.0,98.0,14.0,1643703881.0
58.81092173223618,165.73477704461618,tilichiki,ru,100.0,90.0,100.0,7.58,1643704454.0
23.66167684847025,33.41074727901449,aswan,eg,0.0,40.0,0.0,10.07,1643704294.0
-68.65592659237143,-67.54730170740288,ushuaia,ar,100.0,87.0,100.0,19.57,1643704409.0
-38.256141123440706,151.54988363110192,batemans bay,au,99.0,65.0,99.0,5.46,1643704455.0
88.60124597615348,-161.7151853004822,barrow,us,100.0,77.0,100.0,5.75,1643704456.0
-11.844046423142686,-98.50689201699413,puerto ayora,ec,91.0,90.0,91.0,2.66,1643704456.0
13.93642889473466,-49.06309837866979,sinnamary,gf,55.0,90.0,55.0,6.6,1643704456.0
5.430815878035659,-31.17569173666422,touros,br,100.0,76.0,100.0,8.81,1643703868.0
-54.224798062670196,161.008287743491,tuatapere,nz,100.0,97.0,100.0,4.61,1643704005.0
-60.00677376730503,29.157098754492324,port elizabeth,za,20.0,65.0,20.0,6.91,1643704458.0
0.6792728839179318,-112.57958544337633,coahuayana,mx,3.0,83.0,3.0,3.96,1643703988.0
89.22693487544188,35.33096417110508,vardo,no,20.0,92.0,20.0,11.5,1643704458.0
-18.687482153134923,157.0860232842375,poum,nc,15.0,77.0,15.0,18.41,1643704459.0
39.23640101506729,-131.57613133010247,fortuna,us,20.0,83.0,20.0,5.01,1643704459.0
-58.16132723438763,174.60435443349195,kaitangata,nz,100.0,96.0,100.0,2.46,1643704216.0
-77.20399164616988,-124.4508891864855,rikitea,pf,66.0,69.0,66.0,7.9,1643704416.0
-61.47022137743798,116.28285762248527,albany,au,100.0,52.0,100.0,20.71,1643704432.0
-38.661688110552795,-34.123777253271044,arraial do cabo,br,100.0,90.0,100.0,7.05,1643704416.0
7.143790627095939,-101.55937807217843,tecoanapa,mx,0.0,79.0,0.0,4.03,1643704449.0
49.9562073956711,99.26408941879862,moron,mn,2.0,90.0,2.0,2.95,1643704462.0
69.34218821117398,126.0182304162334,zhigansk,ru,98.0,98.0,98.0,6.51,1643704462.0
64.32100548607411,-32.134501256128516,tasiilaq,gl,97.0,74.0,97.0,7.31,1643704302.0
18.229922245921287,-173.39083126017954,kapaa,us,0.0,78.0,0.0,5.75,1643704438.0
35.58624551467338,-126.33387976091689,half moon bay,us,20.0,89.0,20.0,1.01,1643704464.0
7.228977839534821,110.36500361256941,phan thiet,vn,0.0,57.0,0.0,21.3,1643704179.0
-80.53977684751564,-57.54245713101629,ushuaia,ar,100.0,87.0,100.0,19.57,1643704409.0
51.75624984352717,-72.73034797953656,albanel,ca,90.0,75.0,90.0,6.91,1643704466.0
-63.72363829259368,79.19294367639873,busselton,au,0.0,30.0,0.0,10.4,1643704220.0
-79.37558489618156,180.20839245435099,kaitangata,nz,100.0,96.0,100.0,2.46,1643704216.0
-79.32198086514757,19.236721469411464,bredasdorp,za,0.0,41.0,0.0,3.47,1643704467.0
-80.59320739388741,141.2524723206301,hobart,au,40.0,55.0,40.0,5.99,1643704207.0
3.3934820079270196,-119.18294836980067,san patricio,mx,0.0,71.0,0.0,3.49,1643704468.0
-16.695684162024264,138.966710911752,alyangula,au,40.0,66.0,40.0,10.36,1643704240.0
90.93657647240505,73.70200510494905,dikson,ru,100.0,90.0,100.0,19.44,1643704301.0
-70.34882808997139,-27.61877592593541,ushuaia,ar,100.0,87.0,100.0,19.57,1643704409.0
-30.74344124844462,131.65669614149618,flinders,au,100.0,69.0,100.0,4.0,1643704386.0
90.60721770251655,-95.14939536255355,qaanaaq,gl,90.0,75.0,90.0,9.86,1643704413.0
-17.39829509541306,23.513989498171526,katima mulilo,na,100.0,92.0,100.0,10.02,1643704212.0
69.88377373163581,-170.41174941174498,lavrentiya,ru,13.0,76.0,13.0,14.97,1643703927.0
13.014083075465521,-42.801425056666346,cayenne,gf,75.0,83.0,75.0,3.0,1643704293.0
82.53660102563938,-49.377529955295245,upernavik,gl,100.0,94.0,100.0,3.0,1643704472.0
70.25509119209784,-147.0610875003242,college,us,0.0,76.0,0.0,0.0,1643704369.0
51.05069207633201,-163.66347432069708,bethel,us,0.0,74.0,0.0,0.0,1643704472.0
-84.24274059045278,-56.375003700586845,ushuaia,ar,100.0,87.0,100.0,19.57,1643704409.0
84.2339538908092,-51.69555491082235,upernavik,gl,100.0,94.0,100.0,3.0,1643704472.0
-52.389826926827,160.85785043910897,tuatapere,nz,100.0,97.0,100.0,4.61,1643704005.0
68.39270301969577,-132.65697562633892,inuvik,ca,75.0,84.0,75.0,4.61,1643704475.0
-49.42858230053016,7.126175026398016,cape town,za,0.0,46.0,0.0,9.22,1643704216.0
-64.90266189681937,-7.71441949866383,cape town,za,0.0,46.0,0.0,9.22,1643704216.0
41.26831103862256,-35.20058647355049,ribeira grande,pt,40.0,72.0,40.0,8.05,1643704145.0
86.255792620857,155.95179900109548,chokurdakh,ru,100.0,97.0,100.0,2.28,1643704477.0
6.9222196637579145,6.036349048865873,ekpoma,ng,55.0,14.0,55.0,2.82,1643704477.0
-9.491562361911207,112.25910871353415,kanigoro,id,100.0,82.0,100.0,1.86,1643704477.0
-85.99787677864968,138.31977422681842,hobart,au,40.0,55.0,40.0,5.99,1643704207.0
85.13405805501526,-153.3150227175826,barrow,us,100.0,77.0,100.0,5.75,1643704456.0
-56.57295040871815,-107.59351613777957,castro,cl,100.0,97.0,100.0,4.61,1643704451.0
22.756150663420797,-104.70723228195077,acaponeta,mx,0.0,60.0,0.0,4.29,1643704481.0
-15.25375677287309,-115.90820432811881,rikitea,pf,66.0,69.0,66.0,7.9,1643704416.0
-24.285922400807422,-52.11883704771482,barbosa ferraz,br,71.0,98.0,71.0,1.92,1643704481.0
-83.37486761658369,149.14287856423607,hobart,au,40.0,55.0,40.0,5.99,1643704207.0
31.781906485695004,-115.63518503861141,delta,mx,38.0,28.0,38.0,3.33,1643704483.0
-74.16763785482802,91.53057191629983,busselton,au,0.0,30.0,0.0,10.4,1643704220.0
70.5408350017874,-161.78012578129815,barrow,us,100.0,77.0,100.0,5.75,1643704456.0
51.626083688536795,-150.15666522384717,kodiak,us,100.0,93.0,100.0,11.5,1643703956.0
-32.56790156140419,-166.0713776022979,avarua,ck,20.0,83.0,20.0,11.5,1643704484.0
58.114795517048236,-12.034423059670416,ballina,ie,100.0,96.0,100.0,19.75,1643704485.0
1.8674673518650167,37.982147521978874,marsabit,ke,100.0,44.0,100.0,14.25,1643704485.0
-86.16401237997967,-114.37404710283029,punta arenas,cl,40.0,76.0,40.0,41.43,1643704406.0
-11.53256176059051,7.36972192423508,namibe,ao,100.0,54.0,100.0,4.63,1643704486.0
-9.217336872363262,76.36533258674717,hithadhoo,mv,40.0,69.0,40.0,9.89,1643704405.0
-46.7735819172914,153.91791661714643,hobart,au,40.0,55.0,40.0,5.99,1643704207.0
60.27447746323466,11.016523804649722,maura,no,100.0,92.0,100.0,0.0,1643704487.0
44.80231596696265,170.5980493691983,nikolskoye,ru,99.0,96.0,99.0,3.96,1643703928.0
-1.7885857487440688,-9.327593781049956,harper,lr,86.0,79.0,86.0,6.15,1643704489.0
-41.71993403795141,8.47379677916527,cape town,za,0.0,46.0,0.0,9.22,1643704216.0
19.507009360588768,-125.05258418011204,guerrero negro,mx,18.0,78.0,18.0,12.48,1643703924.0
46.391413499241935,56.17850436511367,beyneu,kz,54.0,75.0,54.0,14.07,1643704491.0
-41.024254740464706,-132.90984950974726,rikitea,pf,66.0,69.0,66.0,7.9,1643704416.0
4.53689424697815,-16.05225659079153,bonthe,sl,88.0,81.0,88.0,5.01,1643704438.0
-72.20253603134543,174.63248378392348,kaitangata,nz,100.0,96.0,100.0,2.46,1643704216.0
39.16823816947564,-132.16241201090608,fortuna,us,20.0,83.0,20.0,5.01,1643704459.0
70.01134751689276,-158.23930942998896,barrow,us,100.0,77.0,100.0,5.75,1643704456.0
12.636850242268594,-155.49810754014797,hilo,us,100.0,74.0,100.0,4.61,1643704448.0
90.00116578039899,-145.29127701749687,barrow,us,100.0,77.0,100.0,5.75,1643704456.0
-57.648101582476976,115.78259734341947,albany,au,100.0,52.0,100.0,20.71,1643704432.0
-87.79178438070852,47.28794802438168,port alfred,za,97.0,69.0,97.0,1.03,1643704494.0
-7.2832750191683715,102.890792855928,pringsewu,id,100.0,80.0,100.0,1.39,1643704310.0
78.6471014757461,-152.1541196028599,barrow,us,100.0,77.0,100.0,5.75,1643704456.0
-4.327292431282913,138.70291623998264,vanimo,pg,100.0,82.0,100.0,7.29,1643703976.0
-49.09480973293698,155.39538496455293,hobart,au,40.0,55.0,40.0,5.99,1643704207.0
-34.94817330315787,-36.27629536025509,arraial do cabo,br,100.0,90.0,100.0,7.05,1643704416.0
39.413892553947704,-3.497679115013568,madridejos,es,4.0,67.0,4.0,9.57,1643704497.0
41.06055850225573,67.5749675788743,chardara,kz,2.0,38.0,2.0,7.74,1643704302.0
-86.61956446431365,-78.34363467199395,ushuaia,ar,100.0,87.0,100.0,19.57,1643704409.0
-38.26782829204254,64.2886834823783,saint-philippe,re,49.0,72.0,49.0,15.41,1643704499.0
15.068026679415382,-1.0408516462163675,gorom-gorom,bf,2.0,8.0,2.0,14.7,1643704499.0
78.47238040832073,105.60225538386868,khatanga,ru,20.0,100.0,20.0,4.09,1643704499.0
-28.641560796143864,-101.00109532662928,lebu,cl,1.0,87.0,1.0,13.15,1643704500.0
-68.26495472439044,89.37669700225001,busselton,au,0.0,30.0,0.0,10.4,1643704220.0
3.445360243161133,-16.065912057386043,bonthe,sl,88.0,81.0,88.0,5.01,1643704438.0
36.55647845935145,-32.61729997556387,ribeira grande,pt,40.0,72.0,40.0,8.05,1643704145.0
-35.94603744915804,153.07429841141902,kiama,au,100.0,72.0,100.0,3.0,1643704502.0
65.95134036553117,-125.58984767612188,norman wells,ca,75.0,71.0,75.0,11.5,1643703968.0
73.95110236611018,-132.7151906623161,tuktoyaktuk,ca,99.0,100.0,99.0,3.44,1643704399.0
49.11356858444901,-42.13768231664676,torbay,ca,75.0,71.0,75.0,16.11,1643704503.0
-42.717073026511486,15.657163725882299,hermanus,za,2.0,68.0,2.0,5.28,1643704423.0
79.86046291159346,160.9176271897357,cherskiy,ru,100.0,86.0,100.0,6.22,1643703965.0
79.89428444791574,-63.30358424513436,narsaq,gl,85.0,97.0,85.0,3.31,1643704388.0
44.85306302652583,-144.8234457139054,kodiak,us,100.0,93.0,100.0,11.5,1643703956.0
74.84304275536317,162.0068007245082,cherskiy,ru,100.0,86.0,100.0,6.22,1643703965.0
-47.062327708189116,129.38957059938053,port lincoln,au,2.0,58.0,2.0,24.11,1643704505.0
56.587979324598194,-137.44038078921835,sitka,us,100.0,86.0,100.0,3.44,1643704014.0
82.77640687241495,119.40487338340904,saskylakh,ru,65.0,100.0,65.0,1.81,1643704507.0
25.3844690688385,-130.01078111700213,lompoc,us,0.0,87.0,0.0,0.0,1643704446.0
74.86380524334308,25.579080009054678,honningsvag,no,83.0,68.0,83.0,13.62,1643704016.0
35.27675196643396,-7.523075481999655,kenitra,ma,0.0,55.0,0.0,5.12,1643704508.0
-82.22731892781562,-69.28618125190837,ushuaia,ar,100.0,87.0,100.0,19.57,1643704409.0
60.87922902452638,-159.56484458894204,bethel,us,0.0,74.0,0.0,0.0,1643704472.0
-23.03931860827636,158.19751022560735,hervey bay,au,30.0,81.0,30.0,12.75,1643704428.0
79.51681716314104,146.3453004001554,chokurdakh,ru,100.0,97.0,100.0,2.28,1643704477.0
-2.567429593049326,80.72698565838624,hithadhoo,mv,40.0,69.0,40.0,9.89,1643704405.0
84.56620726052014,-38.41221287000215,tasiilaq,gl,97.0,74.0,97.0,7.31,1643704302.0
-86.91832459334216,171.49660091198945,bluff,nz,100.0,97.0,100.0,5.79,1643704431.0
32.459308478859214,76.67374550813554,palampur,in,6.0,48.0,6.0,5.99,1643704512.0
-64.58036611583941,-2.009538384528753,cape town,za,0.0,46.0,0.0,9.22,1643704216.0
-61.88837355573715,-62.15462411102915,ushuaia,ar,100.0,87.0,100.0,19.57,1643704409.0
27.56995221693316,-138.17704570795792,half moon bay,us,20.0,89.0,20.0,1.01,1643704464.0
87.67941312106515,170.9139120615771,pevek,ru,100.0,96.0,100.0,1.99,1643704513.0
35.76014218407114,-80.93139242948898,statesville,us,0.0,68.0,0.0,5.75,1643704514.0
47.917274639543706,-112.33066124553679,great falls,us,100.0,85.0,100.0,3.0,1643704439.0
-13.037137912681246,-102.42285717562349,puerto ayora,ec,91.0,90.0,91.0,2.66,1643704456.0
-64.86028664200722,94.66828994634619,busselton,au,0.0,30.0,0.0,10.4,1643704220.0
-50.87027912802544,161.1050430807261,tuatapere,nz,100.0,97.0,100.0,4.61,1643704005.0
48.41074930427234,1.0597502451461196,nogent-le-rotrou,fr,100.0,96.0,100.0,13.85,1643704516.0
-1.2877389667246746,-54.587074978051646,alenquer,br,90.0,97.0,90.0,3.42,1643704517.0
-57.29507711136533,-133.58623153705238,rikitea,pf,66.0,69.0,66.0,7.9,1643704416.0
24.197397207973424,65.94795329820653,karachi,pk,0.0,16.0,0.0,6.91,1643704331.0
9.77480803755192,-38.7467228336742,acarau,br,53.0,86.0,53.0,9.33,1643704518.0
12.641699821564188,-170.5401849264866,kapaa,us,0.0,78.0,0.0,5.75,1643704438.0
58.120440535867175,0.716490380958021,peterhead,gb,100.0,71.0,100.0,38.63,1643704519.0
-55.08484390955297,-99.4002369322692,castro,cl,100.0,97.0,100.0,4.61,1643704451.0
39.02476839693438,-179.39002481357605,provideniya,ru,58.0,71.0,58.0,20.69,1643704520.0
36.32710456754181,-18.79058296809083,ponta do sol,pt,16.0,77.0,16.0,14.16,1643704520.0
-43.24833373461857,2.4226186128261418,cape town,za,0.0,46.0,0.0,9.22,1643704216.0
75.76121534168189,-150.75219645203532,barrow,us,100.0,77.0,100.0,5.75,1643704456.0
6.356831770466869,117.00910605246986,ranau,my,17.0,80.0,17.0,3.96,1643704265.0
10.991559912910702,-93.28963007841087,champerico,gt,31.0,75.0,31.0,2.91,1643704521.0
-31.578219462108002,-176.50181012376996,vaini,to,40.0,83.0,40.0,6.91,1643704436.0
-28.707828349661114,-98.75993382070149,lebu,cl,1.0,87.0,1.0,13.15,1643704500.0
87.16609521228708,118.17322021231354,saskylakh,ru,65.0,100.0,65.0,1.81,1643704507.0
-53.21804960690108,78.03096591817541,mahebourg,mu,75.0,78.0,75.0,18.41,1643704330.0
30.731716871719442,-91.71523425589284,opelousas,us,40.0,76.0,40.0,6.91,1643704524.0
14.035952316483176,-156.95490101093566,hilo,us,100.0,74.0,100.0,4.61,1643704448.0
-80.59247313091151,-25.941735535656136,ushuaia,ar,100.0,87.0,100.0,19.57,1643704409.0
8.253696568819663,74.88098861917669,kollam,in,4.0,64.0,4.0,10.6,1643704525.0
-52.36121019610779,79.2534418412369,mahebourg,mu,75.0,78.0,75.0,18.41,1643704330.0
-73.5126774716059,-110.17020506630884,punta arenas,cl,40.0,76.0,40.0,41.43,1643704406.0
67.44388387361661,87.15736447270672,igarka,ru,100.0,94.0,100.0,14.25,1643704526.0
-85.0460699110676,165.37948444920414,bluff,nz,100.0,97.0,100.0,5.79,1643704431.0
-30.722519986962986,-24.753672378063527,sao joao da barra,br,100.0,90.0,100.0,8.5,1643704528.0
-65.46649707665368,3.1446733573443453,hermanus,za,2.0,68.0,2.0,5.28,1643704423.0
-15.068899662691152,-130.11873043269748,rikitea,pf,66.0,69.0,66.0,7.9,1643704416.0
21.757316223094037,62.74465327125921,sur,om,0.0,32.0,0.0,1.66,1643704530.0
-66.05969058100915,-165.80856247937103,avarua,ck,20.0,83.0,20.0,11.5,1643704484.0
-57.305046457540215,128.39358062293354,mount gambier,au,100.0,48.0,100.0,23.02,1643704531.0
47.623333926533206,-27.539417430347754,lagoa,pt,56.0,79.0,56.0,19.55,1643704409.0
-2.7287114480003964,-148.06987104923914,atuona,pf,24.0,71.0,24.0,22.17,1643704532.0
49.02227513411131,-159.5331022434014,kodiak,us,100.0,93.0,100.0,11.5,1643703956.0
-87.25330856964291,-4.801033243449865,hermanus,za,2.0,68.0,2.0,5.28,1643704423.0
-6.130267749481277,63.551239051898136,victoria,sc,75.0,74.0,75.0,19.57,1643704534.0
37.30401128434205,-147.1869614300211,kahului,us,0.0,73.0,0.0,5.75,1643704534.0
-78.04659838335243,120.42864262800185,albany,au,100.0,52.0,100.0,20.71,1643704432.0
-27.46829089256898,-157.92002764281008,avarua,ck,20.0,83.0,20.0,11.5,1643704484.0
-48.54132413691354,-43.85256885850066,mar del plata,ar,0.0,77.0,0.0,1.99,1643703957.0
-41.57012639152671,1.31766713368836,saldanha,za,1.0,70.0,1.0,14.25,1643703949.0
69.99516092530331,-172.14021343306803,lavrentiya,ru,22.0,73.0,22.0,16.42,1643704540.0
44.18625668219005,-18.150065697435736,muros,es,0.0,77.0,0.0,16.28,1643704540.0
3.3436546813576626,142.41444575592607,vanimo,pg,100.0,82.0,100.0,7.29,1643703976.0
-65.51941631476627,100.09312181200079,albany,au,100.0,52.0,100.0,20.71,1643704432.0
-82.78105887843179,-90.05276514193757,punta arenas,cl,40.0,76.0,40.0,41.43,1643704406.0
61.01225160810333,84.08756861421358,belyy yar,ru,100.0,77.0,100.0,2.24,1643704542.0
-68.81252565764575,-66.23519093385717,ushuaia,ar,100.0,87.0,100.0,19.57,1643704409.0
4.681518763419774,-0.8969036793242822,saltpond,gh,100.0,70.0,100.0,3.67,1643704543.0
68.02358275443564,-161.79626807327324,nome,us,0.0,36.0,0.0,17.27,1643704543.0
-82.99388150909473,30.289718952782863,port elizabeth,za,20.0,65.0,20.0,6.91,1643704458.0
35.322732409660304,-77.98355922085537,goldsboro,us,0.0,93.0,0.0,8.05,1643704544.0
-3.7954054579891903,-74.10571376926033,iquitos,pe,75.0,100.0,75.0,0.0,1643704544.0
-59.363127589031926,-134.49447492312873,rikitea,pf,66.0,69.0,66.0,7.9,1643704416.0
-78.56588750239095,142.43831211389067,hobart,au,40.0,55.0,40.0,5.99,1643704207.0
-84.16743935672885,-17.090417916021153,ushuaia,ar,100.0,87.0,100.0,19.57,1643704409.0
-69.60006473399417,112.15916516790912,albany,au,100.0,52.0,100.0,20.71,1643704432.0
-82.38479220506468,-81.3091736821755,ushuaia,ar,100.0,87.0,100.0,19.57,1643704409.0
77.70834634173741,-40.74887489978988,tasiilaq,gl,97.0,74.0,97.0,7.31,1643704302.0
56.687268445620134,156.51172121368694,esso,ru,94.0,94.0,94.0,2.06,1643704549.0
-55.90990280362575,133.2154482700514,new norfolk,au,39.0,63.0,39.0,4.0,1643704549.0
16.304598433682614,-19.29203175172222,dakar,sn,59.0,88.0,59.0,11.5,1643704406.0
73.5354105747638,-169.46261956425258,lavrentiya,ru,22.0,73.0,22.0,16.42,1643704540.0
85.08894991727954,-141.30143445008207,tuktoyaktuk,ca,99.0,100.0,99.0,3.44,1643704399.0
-77.77540209707007,-109.15044822755112,punta arenas,cl,40.0,76.0,40.0,41.43,1643704406.0
-32.51692101918945,-93.996679977726,lebu,cl,1.0,87.0,1.0,13.15,1643704500.0
36.132197764725134,117.64827090535965,laiwu,cn,0.0,30.0,0.0,5.21,1643704551.0
25.888032970917834,143.63129675602949,katsuura,jp,59.0,52.0,59.0,22.19,1643704329.0
24.50481977047069,-169.93271807919285,kapaa,us,0.0,78.0,0.0,5.75,1643704438.0
60.00386748335515,26.961779189870924,kotka,fi,100.0,89.0,100.0,7.76,1643704370.0
39.07298723841919,110.83716299484922,dongsheng,cn,0.0,22.0,0.0,8.25,1643704553.0
-29.27807888308829,-28.195011698916687,sao joao da barra,br,100.0,90.0,100.0,8.5,1643704528.0
-59.64726349180367,9.621327987794416,hermanus,za,2.0,68.0,2.0,5.28,1643704423.0
48.40885675415868,-76.70252391525456,senneterre,ca,69.0,95.0,69.0,8.43,1643704554.0
-24.963973690920483,57.77128997466792,saint-philippe,re,49.0,72.0,49.0,15.41,1643704499.0
42.05173553513757,116.83777654002682,chengde,cn,0.0,27.0,0.0,5.48,1643704555.0
69.47003703690103,111.47655806545811,udachnyy,ru,69.0,100.0,69.0,2.98,1643704556.0
-82.53123750450432,-110.82638060745991,punta arenas,cl,40.0,76.0,40.0,41.43,1643704406.0
-13.962367903103015,120.51972625616463,waingapu,id,93.0,68.0,93.0,16.53,1643704557.0
-28.350209146214155,-10.392419699106085,jamestown,sh,100.0,63.0,100.0,9.4,1643704557.0
-81.89682623927179,29.507445008914658,kruisfontein,za,100.0,40.0,100.0,9.78,1643704415.0
-69.56667218254566,-140.686096453711,rikitea,pf,66.0,69.0,66.0,7.9,1643704416.0
-10.714490696439086,-13.06656412356,georgetown,sh,40.0,76.0,40.0,14.85,1643704558.0
-77.13575007172619,139.97301167330556,hobart,au,40.0,55.0,40.0,5.99,1643704207.0
57.74036448595399,-12.141218246744188,ballina,ie,100.0,96.0,100.0,19.75,1643704485.0
66.76693234097593,-11.696286995994882,hofn,is,39.0,64.0,39.0,21.32,1643704559.0
-66.2673086126824,-109.2423146034344,punta arenas,cl,40.0,76.0,40.0,41.43,1643704406.0
-55.0272796090376,-166.01887119934466,avarua,ck,20.0,83.0,20.0,11.5,1643704484.0
-10.813811928936758,42.326093965956034,mitsamiouli,km,40.0,70.0,40.0,6.91,1643704560.0
85.73748376653415,23.831892252967577,longyearbyen,sj,40.0,62.0,40.0,12.66,1643704561.0
50.068834534250016,-140.92867448968255,sitka,us,100.0,86.0,100.0,3.44,1643704014.0
-66.14845862059452,87.72958084607285,busselton,au,0.0,30.0,0.0,10.4,1643704220.0
77.81955532631937,-113.76298856512385,yellowknife,ca,0.0,82.0,0.0,9.22,1643704562.0
59.831180933973314,-54.14056580384255,paamiut,gl,100.0,91.0,100.0,8.46,1643704292.0
-18.91556856978093,-6.5461809318757105,jamestown,sh,100.0,63.0,100.0,9.4,1643704557.0
-80.56332260609375,44.407139588590184,port alfred,za,97.0,69.0,97.0,1.03,1643704494.0
-73.21599390919623,94.79067631095694,busselton,au,0.0,30.0,0.0,10.4,1643704220.0
70.54512309579616,-76.5189690043564,clyde river,ca,100.0,63.0,100.0,4.61,1643704022.0
-59.56467493389844,-2.248940891975735,cape town,za,0.0,46.0,0.0,9.22,1643704216.0
-24.31752324331299,66.16957805300652,bambous virieux,mu,75.0,78.0,75.0,18.41,1643703995.0
19.47277355815919,97.32430255377028,loikaw,mm,21.0,13.0,21.0,11.92,1643704566.0
-18.506290123461838,-71.7229446157299,ilo,pe,73.0,82.0,73.0,7.43,1643704567.0
-22.196422565310442,17.42395165725057,windhoek,na,100.0,88.0,100.0,5.86,1643704567.0
-78.58382830990656,-91.68317973749711,punta arenas,cl,40.0,76.0,40.0,41.43,1643704406.0
-12.3584159623787,-19.861377834595913,georgetown,sh,40.0,76.0,40.0,14.85,1643704558.0
40.26948761575895,112.41522109198661,fengzhen,cn,0.0,35.0,0.0,8.48,1643704568.0
49.01359109687408,-142.50404460995063,sitka,us,100.0,86.0,100.0,3.44,1643704014.0
-54.81936563165771,-96.97550926785095,punta arenas,cl,40.0,76.0,40.0,41.43,1643704406.0
66.17960920566995,105.82695119388774,yerbogachen,ru,77.0,97.0,77.0,2.89,1643704008.0
-84.8013264563718,24.521419597480985,bredasdorp,za,0.0,41.0,0.0,3.47,1643704467.0
73.28531581590735,118.69762286182743,saskylakh,ru,65.0,100.0,65.0,1.81,1643704507.0
-47.18519573387125,171.95108185718647,dunedin,nz,100.0,94.0,100.0,9.37,1643704571.0
-66.72624880769564,168.44603545400417,bluff,nz,100.0,97.0,100.0,5.79,1643704431.0
-32.4644823666858,162.84263868394373,ballina,au,16.0,81.0,16.0,8.05,1643704572.0
63.62579448846495,19.195076823474466,ornskoldsvik,se,100.0,86.0,100.0,5.75,1643704572.0
60.645892154732024,-146.5944576464414,palmer,us,14.0,71.0,14.0,3.49,1643704573.0
-27.43710520076892,87.2955090380546,carnarvon,au,85.0,58.0,85.0,21.85,1643704475.0
-46.56521491092689,23.71137757900115,plettenberg bay,za,66.0,59.0,66.0,6.62,1643704573.0
6.977547181242983,89.2546399962742,port blair,in,40.0,61.0,40.0,8.05,1643703939.0
-40.864484616378604,-15.604251029042842,jamestown,sh,100.0,63.0,100.0,9.4,1643704557.0
-83.76801172556783,-123.8056570359007,punta arenas,cl,40.0,76.0,40.0,41.43,1643704406.0
23.502491830088474,179.53897559672504,butaritari,ki,99.0,77.0,99.0,13.94,1643704530.0
4.156283431169243,141.17848214528442,vanimo,pg,100.0,82.0,100.0,7.29,1643703976.0
-82.40599764782338,110.1535331017651,albany,au,100.0,52.0,100.0,20.71,1643704432.0
47.102571181605924,-31.457268301481548,lagoa,pt,56.0,79.0,56.0,19.55,1643704409.0
88.89130709494586,-103.05037503140089,yellowknife,ca,0.0,82.0,0.0,9.22,1643704562.0
55.053573438329465,-73.70723789154124,chapais,ca,60.0,95.0,60.0,6.53,1643704347.0
-29.29418510594158,-90.39364449586706,lebu,cl,1.0,87.0,1.0,13.15,1643704500.0
-26.365576057404695,108.68482006154193,carnarvon,au,85.0,58.0,85.0,21.85,1643704475.0
14.888311774745404,-6.59314813516022,sokolo,ml,67.0,15.0,67.0,15.82,1643704579.0
21.77852457168794,84.97952001374136,deogarh,in,5.0,19.0,5.0,9.1,1643704580.0
-57.941734677943984,66.76800995025567,saint-philippe,re,49.0,72.0,49.0,15.41,1643704499.0
66.56170372703784,-27.916848360103245,olafsvik,is,53.0,74.0,53.0,5.55,1643704580.0
-59.115664393241715,-47.44163086282623,ushuaia,ar,100.0,87.0,100.0,19.57,1643704409.0
64.76996133031705,-96.08865202288746,thompson,ca,100.0,71.0,100.0,14.97,1643704582.0
-86.40595142900494,103.40325380550473,albany,au,100.0,52.0,100.0,20.71,1643704432.0
26.14475548998442,82.3405621040576,kadipur,in,0.0,37.0,0.0,11.36,1643704583.0
-60.61748216680235,75.03107092341452,saint-philippe,re,49.0,72.0,49.0,15.41,1643704499.0
-43.38336122285945,-168.54131476275472,vaini,to,40.0,83.0,40.0,6.91,1643704436.0
-27.988230736432598,-93.56261502824425,lebu,cl,1.0,87.0,1.0,13.15,1643704500.0
-88.8879102992738,-46.0482164322938,ushuaia,ar,100.0,87.0,100.0,19.57,1643704409.0
-10.622258036876516,30.058222764295238,luwingu,zm,90.0,76.0,90.0,2.37,1643704585.0
54.26498408429029,-148.23608271390455,kodiak,us,100.0,93.0,100.0,11.5,1643704585.0
32.29535390216353,-96.20144578207521,corsicana,us,40.0,93.0,40.0,5.75,1643704586.0
8.64917895368579,113.31826963791497,balabac,ph,89.0,76.0,89.0,16.78,1643704586.0
12.125085587551183,91.73927470346138,port blair,in,40.0,61.0,40.0,8.05,1643703939.0
-87.46886898159649,110.52446074871341,albany,au,100.0,52.0,100.0,20.71,1643704432.0
20.224862231081858,-73.70593666524452,baracoa,cu,97.0,80.0,97.0,11.21,1643704587.0
88.9305148515428,101.8034589409121,khatanga,ru,20.0,100.0,20.0,4.09,1643704499.0
-49.43662871426211,-98.85214450532425,castro,cl,100.0,97.0,100.0,4.61,1643704451.0
16.286406995017856,-75.36445615162093,morant bay,jm,27.0,84.0,27.0,12.41,1643704584.0
61.14548886260869,126.48245737834958,berdigestyakh,ru,100.0,97.0,100.0,5.91,1643704589.0
53.44206120552687,88.6437495893739,mezhdurechensk,ru,100.0,86.0,100.0,0.43,1643704589.0
-30.409732818700782,-60.056602771588445,reconquista,ar,0.0,65.0,0.0,6.67,1643704590.0
-25.34633668128555,24.80771066384844,kanye,bw,40.0,35.0,40.0,16.6,1643704590.0
83.78044623661046,72.57309536545145,dikson,ru,100.0,90.0,100.0,19.44,1643704301.0
-62.14135510685865,131.46941666881332,new norfolk,au,39.0,63.0,39.0,4.0,1643704549.0
-0.2428520224358266,47.4193083564912,mogadishu,so,40.0,74.0,40.0,20.71,1643704520.0
-42.70564478851454,133.9447877703044,port lincoln,au,2.0,58.0,2.0,24.11,1643704505.0
10.579246193788876,-148.3435941761271,hilo,us,100.0,74.0,100.0,4.61,1643704448.0
-76.80220326451514,132.59128059882113,new norfolk,au,39.0,63.0,39.0,4.0,1643704549.0
-21.488452206122687,-165.10963067788342,avarua,ck,20.0,83.0,20.0,11.5,1643704484.0
50.915820708863976,-97.92012413001126,gimli,ca,100.0,93.0,100.0,5.75,1643704594.0
40.40013188478403,91.42221879170455,hami,cn,8.0,24.0,8.0,4.41,1643704595.0
-48.15198892984492,-35.32973030259049,chuy,uy,0.0,73.0,0.0,3.71,1643704595.0
-85.55746499905385,-34.489771785561004,ushuaia,ar,100.0,87.0,100.0,19.57,1643704409.0
-43.41694569450624,-88.56340428548724,castro,cl,100.0,97.0,100.0,4.61,1643704451.0
-15.768998591392858,2.9686803445477494,jamestown,sh,100.0,63.0,100.0,9.4,1643704557.0
-88.47978178855774,-113.37378287084904,punta arenas,cl,40.0,76.0,40.0,41.43,1643704406.0
-4.649640651175872,-159.392666509763,faanui,pf,4.0,75.0,4.0,21.32,1643704001.0
64.28840206488675,-47.53951981619312,paamiut,gl,100.0,91.0,100.0,8.46,1643704292.0
77.09552540112722,79.86126048099987,dikson,ru,100.0,90.0,100.0,19.44,1643704301.0
-48.11005976159297,-8.82299263331808,cape town,za,0.0,46.0,0.0,9.22,1643704216.0
89.3628395203965,153.06592021231813,chokurdakh,ru,100.0,97.0,100.0,2.28,1643704477.0
-88.91438074333016,-118.58584927344188,punta arenas,cl,40.0,76.0,40.0,41.43,1643704406.0
-29.319655451108495,79.33582244432853,bambous virieux,mu,75.0,78.0,75.0,18.41,1643704599.0
-72.16941574779135,-133.3191781644219,rikitea,pf,66.0,69.0,66.0,7.9,1643704416.0
